Enumerated ensemble: 114 configurations; sum_degeneracies = 30912
8 Cs sites -> 1 @FA 1 %VA 6 @MA
24 I sites -> 1 Br 1 %VX 22 I
# Configuration  Degeneracy  @FA_positions  %VA_positions  Br_positions  %VX_positions
1 96 1 2 17 18 
2 96 1 2 18 17 
3 192 1 2 17 19 
4 192 1 2 17 20 
5 192 1 2 20 17 
6 96 1 2 17 23 
7 96 1 2 17 24 
8 96 1 2 24 17 
9 384 1 2 17 25 
10 384 1 2 25 17 
11 384 1 2 17 27 
12 384 1 2 27 17 
13 384 1 2 17 29 
14 384 1 2 29 17 
15 384 1 2 17 31 
16 384 1 2 31 17 
17 192 1 2 18 20 
18 96 1 2 18 24 
19 384 1 2 18 25 
20 384 1 2 25 18 
21 384 1 2 18 27 
22 384 1 2 27 18 
23 384 1 2 18 29 
24 384 1 2 29 18 
25 384 1 2 18 31 
26 384 1 2 31 18 
27 192 1 2 25 26 
28 192 1 2 25 27 
29 192 1 2 25 28 
30 192 1 2 25 29 
31 192 1 2 29 25 
32 192 1 2 25 30 
33 192 1 2 30 25 
34 192 1 2 25 31 
35 192 1 2 31 25 
36 192 1 2 25 32 
37 192 1 2 32 25 
38 384 1 2 25 33 
39 384 1 2 25 34 
40 384 1 2 25 35 
41 384 1 2 35 25 
42 384 1 2 25 36 
43 384 1 2 36 25 
44 192 1 2 29 30 
45 192 1 2 29 31 
46 192 1 2 29 32 
47 384 1 2 29 35 
48 384 1 2 29 36 
49 192 1 4 17 18 
50 192 1 4 18 17 
51 192 1 4 17 19 
52 192 1 4 17 20 
53 192 1 4 20 17 
54 192 1 4 17 21 
55 192 1 4 17 22 
56 192 1 4 22 17 
57 192 1 4 17 23 
58 192 1 4 17 24 
59 192 1 4 24 17 
60 384 1 4 17 25 
61 384 1 4 25 17 
62 384 1 4 17 27 
63 384 1 4 27 17 
64 384 1 4 17 29 
65 384 1 4 29 17 
66 384 1 4 17 31 
67 384 1 4 31 17 
68 384 1 4 17 33 
69 384 1 4 17 35 
70 384 1 4 35 17 
71 384 1 4 17 37 
72 384 1 4 17 39 
73 384 1 4 39 17 
74 192 1 4 18 20 
75 192 1 4 18 22 
76 192 1 4 18 24 
77 384 1 4 18 25 
78 384 1 4 25 18 
79 384 1 4 18 27 
80 384 1 4 27 18 
81 384 1 4 18 29 
82 384 1 4 29 18 
83 384 1 4 18 31 
84 384 1 4 31 18 
85 384 1 4 18 35 
86 384 1 4 18 39 
87 192 1 4 25 26 
88 96 1 4 25 28 
89 96 1 4 25 29 
90 96 1 4 29 25 
91 192 1 4 25 30 
92 192 1 4 30 25 
93 96 1 4 25 32 
94 96 1 4 32 25 
95 192 1 4 29 30 
96 96 1 4 29 32 
97 96 1 8 17 18 
98 96 1 8 18 17 
99 192 1 8 17 19 
100 192 1 8 17 20 
101 192 1 8 20 17 
102 96 1 8 17 23 
103 96 1 8 17 24 
104 96 1 8 24 17 
105 384 1 8 17 25 
106 384 1 8 17 27 
107 384 1 8 17 29 
108 384 1 8 29 17 
109 384 1 8 17 31 
110 384 1 8 31 17 
111 192 1 8 18 20 
112 96 1 8 18 24 
113 384 1 8 18 29 
114 384 1 8 18 31 
