# Detailed species-resolved pair correlations for best SQS
# Config 9367
# Config Orbit Distance(A) Target_i Target_j Species_i Species_j P_cell P_random Delta
    9367      1      3.54000        1        1         Ni         Ni   0.06250000   0.06250000   0.00000E+00
    9367      1      3.54000        1        1         Ni         Co   0.05208333   0.06250000  -1.04167E-02
    9367      1      3.54000        1        1         Ni         Cr   0.06250000   0.06250000   0.00000E+00
    9367      1      3.54000        1        1         Ni         Fe   0.07291667   0.06250000   1.04167E-02
    9367      1      3.54000        1        1         Co         Ni   0.05208333   0.06250000  -1.04167E-02
    9367      1      3.54000        1        1         Co         Co   0.08333333   0.06250000   2.08333E-02
    9367      1      3.54000        1        1         Co         Cr   0.07291667   0.06250000   1.04167E-02
    9367      1      3.54000        1        1         Co         Fe   0.04166667   0.06250000  -2.08333E-02
    9367      1      3.54000        1        1         Cr         Ni   0.06250000   0.06250000   0.00000E+00
    9367      1      3.54000        1        1         Cr         Co   0.07291667   0.06250000   1.04167E-02
    9367      1      3.54000        1        1         Cr         Cr   0.04166667   0.06250000  -2.08333E-02
    9367      1      3.54000        1        1         Cr         Fe   0.07291667   0.06250000   1.04167E-02
    9367      1      3.54000        1        1         Fe         Ni   0.07291667   0.06250000   1.04167E-02
    9367      1      3.54000        1        1         Fe         Co   0.04166667   0.06250000  -2.08333E-02
    9367      1      3.54000        1        1         Fe         Cr   0.07291667   0.06250000   1.04167E-02
    9367      1      3.54000        1        1         Fe         Fe   0.06250000   0.06250000   0.00000E+00
    9367      2      5.00632        1        1         Ni         Ni   0.06250000   0.06250000   0.00000E+00
    9367      2      5.00632        1        1         Ni         Co   0.06250000   0.06250000   0.00000E+00
    9367      2      5.00632        1        1         Ni         Cr   0.06250000   0.06250000   0.00000E+00
    9367      2      5.00632        1        1         Ni         Fe   0.06250000   0.06250000   0.00000E+00
    9367      2      5.00632        1        1         Co         Ni   0.06250000   0.06250000   0.00000E+00
    9367      2      5.00632        1        1         Co         Co   0.06250000   0.06250000   0.00000E+00
    9367      2      5.00632        1        1         Co         Cr   0.06250000   0.06250000   0.00000E+00
    9367      2      5.00632        1        1         Co         Fe   0.06250000   0.06250000   0.00000E+00
    9367      2      5.00632        1        1         Cr         Ni   0.06250000   0.06250000   0.00000E+00
    9367      2      5.00632        1        1         Cr         Co   0.06250000   0.06250000   0.00000E+00
    9367      2      5.00632        1        1         Cr         Cr   0.06250000   0.06250000   0.00000E+00
    9367      2      5.00632        1        1         Cr         Fe   0.06250000   0.06250000   0.00000E+00
    9367      2      5.00632        1        1         Fe         Ni   0.06250000   0.06250000   0.00000E+00
    9367      2      5.00632        1        1         Fe         Co   0.06250000   0.06250000   0.00000E+00
    9367      2      5.00632        1        1         Fe         Cr   0.06250000   0.06250000   0.00000E+00
    9367      2      5.00632        1        1         Fe         Fe   0.06250000   0.06250000   0.00000E+00
    9367      3      2.50316        1        1         Ni         Ni   0.05729167   0.06250000  -5.20833E-03
    9367      3      2.50316        1        1         Ni         Co   0.06510417   0.06250000   2.60417E-03
    9367      3      2.50316        1        1         Ni         Cr   0.06770833   0.06250000   5.20833E-03
    9367      3      2.50316        1        1         Ni         Fe   0.05989583   0.06250000  -2.60417E-03
    9367      3      2.50316        1        1         Co         Ni   0.06510417   0.06250000   2.60417E-03
    9367      3      2.50316        1        1         Co         Co   0.06250000   0.06250000   0.00000E+00
    9367      3      2.50316        1        1         Co         Cr   0.05208333   0.06250000  -1.04167E-02
    9367      3      2.50316        1        1         Co         Fe   0.07031250   0.06250000   7.81250E-03
    9367      3      2.50316        1        1         Cr         Ni   0.06770833   0.06250000   5.20833E-03
    9367      3      2.50316        1        1         Cr         Co   0.05208333   0.06250000  -1.04167E-02
    9367      3      2.50316        1        1         Cr         Cr   0.06250000   0.06250000   0.00000E+00
    9367      3      2.50316        1        1         Cr         Fe   0.06770833   0.06250000   5.20833E-03
    9367      3      2.50316        1        1         Fe         Ni   0.05989583   0.06250000  -2.60417E-03
    9367      3      2.50316        1        1         Fe         Co   0.07031250   0.06250000   7.81250E-03
    9367      3      2.50316        1        1         Fe         Cr   0.06770833   0.06250000   5.20833E-03
    9367      3      2.50316        1        1         Fe         Fe   0.05208333   0.06250000  -1.04167E-02
    9367      4      4.33560        1        1         Ni         Ni   0.05208333   0.06250000  -1.04167E-02
    9367      4      4.33560        1        1         Ni         Co   0.07031250   0.06250000   7.81250E-03
    9367      4      4.33560        1        1         Ni         Cr   0.06510417   0.06250000   2.60417E-03
    9367      4      4.33560        1        1         Ni         Fe   0.06250000   0.06250000   0.00000E+00
    9367      4      4.33560        1        1         Co         Ni   0.07031250   0.06250000   7.81250E-03
    9367      4      4.33560        1        1         Co         Co   0.04687500   0.06250000  -1.56250E-02
    9367      4      4.33560        1        1         Co         Cr   0.06510417   0.06250000   2.60417E-03
    9367      4      4.33560        1        1         Co         Fe   0.06770833   0.06250000   5.20833E-03
    9367      4      4.33560        1        1         Cr         Ni   0.06510417   0.06250000   2.60417E-03
    9367      4      4.33560        1        1         Cr         Co   0.06510417   0.06250000   2.60417E-03
    9367      4      4.33560        1        1         Cr         Cr   0.05729167   0.06250000  -5.20833E-03
    9367      4      4.33560        1        1         Cr         Fe   0.06250000   0.06250000   0.00000E+00
    9367      4      4.33560        1        1         Fe         Ni   0.06250000   0.06250000   0.00000E+00
    9367      4      4.33560        1        1         Fe         Co   0.06770833   0.06250000   5.20833E-03
    9367      4      4.33560        1        1         Fe         Cr   0.06250000   0.06250000   0.00000E+00
    9367      4      4.33560        1        1         Fe         Fe   0.05729167   0.06250000  -5.20833E-03
