# Detailed species-resolved pair correlations for best SQS
# Config 1
# Config Orbit Distance(A) Target_i Target_j Species_i Species_j P_cell P_random Delta
       1      1      3.80000        1        1         La         La   0.58333333   0.56250000   2.08333E-02
       1      1      3.80000        1        1         La         Sr   0.16666667   0.18750000  -2.08333E-02
       1      1      3.80000        1        1         Sr         La   0.16666667   0.18750000  -2.08333E-02
       1      1      3.80000        1        1         Sr         Sr   0.08333333   0.06250000   2.08333E-02
       1      2      5.37401        1        1         La         La   0.50000000   0.56250000  -6.25000E-02
       1      2      5.37401        1        1         La         Sr   0.25000000   0.18750000   6.25000E-02
       1      2      5.37401        1        1         Sr         La   0.25000000   0.18750000   6.25000E-02
       1      2      5.37401        1        1         Sr         Sr   0.00000000   0.06250000  -6.25000E-02
       1      3      6.58179        1        1         La         La   0.50000000   0.56250000  -6.25000E-02
       1      3      6.58179        1        1         La         Sr   0.25000000   0.18750000   6.25000E-02
       1      3      6.58179        1        1         Sr         La   0.25000000   0.18750000   6.25000E-02
       1      3      6.58179        1        1         Sr         Sr   0.00000000   0.06250000  -6.25000E-02
       1      4      3.29090        1        2         La         Fe   0.56250000   0.56250000   0.00000E+00
       1      4      3.29090        1        2         La         Mn   0.18750000   0.18750000   0.00000E+00
       1      4      3.29090        1        2         Sr         Fe   0.18750000   0.18750000   0.00000E+00
       1      4      3.29090        1        2         Sr         Mn   0.06250000   0.06250000   0.00000E+00
       1      5      3.80000        2        2         Fe         Fe   0.58333333   0.56250000   2.08333E-02
       1      5      3.80000        2        2         Fe         Mn   0.16666667   0.18750000  -2.08333E-02
       1      5      3.80000        2        2         Mn         Fe   0.16666667   0.18750000  -2.08333E-02
       1      5      3.80000        2        2         Mn         Mn   0.08333333   0.06250000   2.08333E-02
       1      6      5.37401        2        2         Fe         Fe   0.50000000   0.56250000  -6.25000E-02
       1      6      5.37401        2        2         Fe         Mn   0.25000000   0.18750000   6.25000E-02
       1      6      5.37401        2        2         Mn         Fe   0.25000000   0.18750000   6.25000E-02
       1      6      5.37401        2        2         Mn         Mn   0.00000000   0.06250000  -6.25000E-02
       1      7      6.58179        2        2         Fe         Fe   0.50000000   0.56250000  -6.25000E-02
       1      7      6.58179        2        2         Fe         Mn   0.25000000   0.18750000   6.25000E-02
       1      7      6.58179        2        2         Mn         Fe   0.25000000   0.18750000   6.25000E-02
       1      7      6.58179        2        2         Mn         Mn   0.00000000   0.06250000  -6.25000E-02
