Enumerated ensemble: 10 configurations; sum_degeneracies = 2925
27 Fe sites -> 24 Al 3 Fe
# Configuration  Degeneracy  Al_positions
1 27 31 32 33 34 35 36 37 38 39 40 41 42 43 44 45 46 47 48 49 50 51 52 53 54
2 324 30 32 33 34 35 36 37 38 39 40 41 42 43 44 45 46 47 48 49 50 51 52 53 54
3 324 30 31 32 34 35 36 37 38 39 40 41 42 43 44 45 46 47 48 49 50 51 52 53 54
4 648 30 31 32 33 34 35 36 37 38 39 41 42 43 44 45 46 47 48 49 50 51 52 53 54
5 324 30 31 32 33 34 35 36 37 38 39 40 41 43 44 45 46 47 48 49 50 51 52 53 54
6 54 29 30 31 33 34 35 37 38 39 40 41 42 43 44 45 46 47 48 49 50 51 52 53 54
7 216 29 30 31 33 34 35 36 37 39 40 41 42 43 44 45 46 47 48 49 50 51 52 53 54
8 648 29 30 31 33 34 35 36 37 38 40 41 42 43 44 45 46 47 48 49 50 51 52 53 54
9 324 29 30 31 33 34 35 36 37 38 39 40 41 42 43 44 46 47 48 49 50 51 52 53 54
10 36 29 30 31 32 33 34 35 36 37 38 39 40 42 43 44 45 46 47 48 49 50 51 52 53
