# Thermal averages of cluster correlations (GQS targets)
# Number of configurations: 8043
# Number of clusters: 9
#
# T =       0.00 K
Pi_1 :   0.00000000
Pi_2 :   0.25000000
Pi_3 :   0.25000000
Pi_4 :   0.50000000
Pi_5 :   0.00000000
Pi_6 :   0.00000000
Pi_7 :   0.25000000
Pi_8 :   0.00000000
Pi_9 :   1.00000000

# T =    1000.00 K
Pi_1 :   0.00000000
Pi_2 :   0.22760674
Pi_3 :   0.09016263
Pi_4 :   0.02791135
Pi_5 :   0.22088210
Pi_6 :   0.08635972
Pi_7 :   0.22637110
Pi_8 :   0.22173760
Pi_9 :   0.22440679

# T = 1000000.00 K
Pi_1 :   0.00000000
Pi_2 :   0.22580824
Pi_3 :   0.08709995
Pi_4 :   0.02469746
Pi_5 :   0.22580142
Pi_6 :   0.08709596
Pi_7 :   0.22580701
Pi_8 :   0.22580254
Pi_9 :   0.22580487

# T -> infinity (equiprobable configurations)
Pi_1 :   0.00000000
Pi_2 :   0.22580639
Pi_3 :   0.08709677
Pi_4 :   0.02469410
Pi_5 :   0.22580654
Pi_6 :   0.08709677
Pi_7 :   0.22580639
Pi_8 :   0.22580679
Pi_9 :   0.22580645
