# Detailed species-resolved pair correlations for best SQS
# Config 6983
# Config Orbit Distance(A) Target_i Target_j Species_i Species_j P_cell P_random Delta
    6983      1      4.22000        1        1         Mg         Mg   0.56250000   0.56250000   0.00000E+00
    6983      1      4.22000        1        1         Mg         Ni   0.18750000   0.18750000   0.00000E+00
    6983      1      4.22000        1        1         Ni         Mg   0.18750000   0.18750000   0.00000E+00
    6983      1      4.22000        1        1         Ni         Ni   0.06250000   0.06250000   0.00000E+00
    6983      2      5.96798        1        1         Mg         Mg   0.50000000   0.56250000  -6.25000E-02
    6983      2      5.96798        1        1         Mg         Ni   0.25000000   0.18750000   6.25000E-02
    6983      2      5.96798        1        1         Ni         Mg   0.25000000   0.18750000   6.25000E-02
    6983      2      5.96798        1        1         Ni         Ni   0.00000000   0.06250000  -6.25000E-02
    6983      3      7.30925        1        1         Mg         Mg   0.56250000   0.56250000   0.00000E+00
    6983      3      7.30925        1        1         Mg         Ni   0.18750000   0.18750000   0.00000E+00
    6983      3      7.30925        1        1         Ni         Mg   0.18750000   0.18750000   0.00000E+00
    6983      3      7.30925        1        1         Ni         Ni   0.06250000   0.06250000   0.00000E+00
    6983      4      2.98399        1        1         Mg         Mg   0.56250000   0.56250000   0.00000E+00
    6983      4      2.98399        1        1         Mg         Ni   0.18750000   0.18750000   0.00000E+00
    6983      4      2.98399        1        1         Ni         Mg   0.18750000   0.18750000   0.00000E+00
    6983      4      2.98399        1        1         Ni         Ni   0.06250000   0.06250000   0.00000E+00
    6983      5      5.16842        1        1         Mg         Mg   0.56250000   0.56250000   0.00000E+00
    6983      5      5.16842        1        1         Mg         Ni   0.18750000   0.18750000   0.00000E+00
    6983      5      5.16842        1        1         Ni         Mg   0.18750000   0.18750000   0.00000E+00
    6983      5      5.16842        1        1         Ni         Ni   0.06250000   0.06250000   0.00000E+00
